MSE: 0.0021029866390691134
PSNR: 74.90243847381299
SSIM: 0.999996795807342
